377.871
373.011
376.443
383.912
380.469
379.064
375.696
358.516
363.9
374.59
349.812
335.513
386.628
388.112
387.238
381.462
386.657
391.455
396.188
392.035
350.757
351.645
268.774
272.687
255.974
217.117
242.798
272.268
266.292
324.285
307.517
297.092
282.661
283.74
289.101
279.566
298.992
309.13
326.419
310.128
321.794
309.979
308.402
294.291
294.318
234.281
223.394
200.167
279.809
235.248
235.502
235.05
234.618
253.553
251.59
250.887
239.754
231.538
247.063
236.811
229.01
226.439
266.148
257.22
189.795
315.976
367.784
359.607
362.929
343.347
356.32
353.266
322.587
322.321
348.382
337.524
329.92
333.547
324.827
349.042
353.258
376.729
367.686
361.173
364.405
364.44
364.42
329.062
338.956
369.812
187.281
299.785
317.274
313.441
310.914
311.353
307.423
330.641
328.263
323.298
318.535
312.517
316.123
316.462
185.731
244.252
268.097
286.135
286.949
281.089
278.104
282.831
275.733
269.952
262.839
262.412
283.037
299.918
293.345
296.102
295.158
296.01
298.073
296.344
303.019
301.723
299.825
190.739
248.621
181.079
241.514
194.18
206.194
205.358
237.366
240.187
237.842
222.552
219.519
228.476
213.544
217.505
219.611
213.882
247.712
248.858
251.345
249.031
246.952
248.098
247.187
244.634
194.621
206.105
231.917
203.689
245.816
248.835
247.054
253.031
261.567
267.391
264.702
269.841
285.164
273.925
293.677
294.573
298.366
303.649
305.338
309.29
315.72
375.198
367.137
324.394
360.32
350.81
337.079
337.274
319.739
320.291
314.113
337.12
336.414
377.613
374.964
365.118
353.504
353.565
339.05
338.265
326.35
349.986
368.423
360.342
362.455
326.757
339.684
339.925
347.806
384.87
381.334
382.199
375.028
367.678
356.554
366.998
355.063
354.809
368.368
362.795
376.428
377.153
202.794
270.837
268.329
259.036
241.617
229.924
229.287
229.774
238.306
255.526
246.103
239.822
241.769
251.838
249.121
190.004
182.384
164.579
171.904
184.108
172.874
187.131
228.186
234.409
243.451
257.936
262.472
281.73
289.478
293.119
299.317
305.436
325.14
315.009
313.962
381.933
375.463
382.934
374.983
374.234
337.937
338.607
325.749
367.523
355.476
325.809
385.26
382.866
382.86
373.691
365.252
355.09
354.831
354.844
190.829
275.441
292.435
295.629
294.154
326.185
320.988
316.957
312.66
307.817
302.361
296.351
291.4
286.698
280.786
181.404
161.429
149.357
165.745
177.186
168.575
223.603
237.217
232.525
254.366
258.519
278.438
285.901
289.545
294.863
301.424
322.03
330.703
333.662
363.774
346.044
367.766
353.512
360.78
313.303
345.308
342.137
358.539
353.731
350.215
358.073
325.255
274.683
297.056
282.765
318.259
320.505
309.156
343.872
341.571
324.741
339.108
336.72
329.934
322.27
312.086
303.287
303.508
293.788
293.625
293.588
183.64
286.411
297.596
287.912
161.036
145.443
140.962
157.74
171.211
206.646
236.076
239.247
247.84
260.45
278.235
286.596
288.188
291.825
305.025
300.904
306.928
299.718
303.037
299.772
301.8
307.547
297.837
314.484
320.455
319.115
317.376
315.19
322.575
350.744
337.533
356.172
369.82
343.942
383.671
375.41
381.958
379.894
365.109
365.077
293.737
301.002
336.844
331.01
291.715
293.011
294.619
325.87
320.239
312.534
303.958
286.266
257.493
245.792
248.001
265.501
248.653
266.147
285.897
271.906
283.459
283.991
268.514
280.547
288.292
274.758
285.62
277.117
256.805
260.22
275.463
191.381
234.29
254.748
254.834
171.512
164.497
162.765
182.61
270.172
273.956
274.607
274.824
275.668
229.446
276.331
267.57
266.412
270.325
265.801
262.124
266.4
266.073
249.263
274.791
268.262
264.295
259.918
256.217
255.609
260.245
261.814
266.453
261.957
262.063
261.287
269.816
265.534
263.448
258.588
272.68
315.376
305.2
321.624
275.79
268.748
267.419
319.805
314.505
305.137
282.719
299.047
294.648
285.207
281.114
281.706
278.071
261.891
258.609
297.37
292.133
283.896
268.135
280.488
288.772
285.099
292.215
280.766
275.507
276.655
273.191
286.195
302.119
286.573
298.725
302.598
292.49
296.366
307.019
298.533
303.391
296.299
291.039
288.038
320.08
300.83
284.973
293.413
326.29
327.283
301.653
302.126
328.333
323.807
323.002
321.434
319.113
317.312
314.666
312.11
308.577
304.419
301.122
297.96
296.015
300.61
285.27
284.453
284.43
284.736
290.344
303.641
294.045
301.464
292.265
311.423
303.491
330.054
319.189
327.783
311.848
325.485
322.275
309.539
303.837
309
302.803
305.435
299.757
301.826
301.014
313.086
308.145
342.225
303.197
369.756
353.859
368.974
372.932
370.44
368.388
367.481
366.583
309.835
317.142
324.055
321.846
317.644
312.418
309.996
321.588
341.909
339.976
327.299
337.89
348.769
307.783
304.415
316.059
323.65
334.614
384.496
378.491
359.062
368.175
361.078
349.158
234.275
225.469
226.173
191.61
226.414
234.633
225.843
234.111
237.064
237.118
234.395
230.433
179.989
173.777
173.296
258.831
300.508
301.46
302.051
298.693
296.892
295.503
293.24
290.918
287.255
283.482
280.081
276.615
376.684
364.608
382.825
375.256
383.084
383.79
382.512
380.629
356.515
357.989
348.925
365.385
361.225
360.471
347.548
346.706
339.312
328.19
321.463
337.694
355.73
354.276
359.821
350.833
330.948
344.909
343.163
347.446
384.859
382.161
379.568
369.601
375.846
358.784
368.042
377.248
369.825
368.718
379.558
361.603
375.489
368.396
329.757
323.469
367.011
362.603
382.879
357.643
351.352
326.447
328.842
331.076
338.14
344.482
347.468
350.208
350.706
386.492
392.55
400.076
400.49
396.156
370.029
364.223
325.809
324.032
322.809
359.026
353.801
349.17
344.292
339.158
328.852
168.782
204.915
226.296
227.391
242.537
262.388
258.179
247.9
238.684
253.057
244.485
238.318
230.046
249.638
160.015
153.618
206.619
243.546
313.556
347.964
272.325
349.463
342.573
350.035
328.212
326.936
322.375
321.081
294.451
298.694
275.457
274.438
275.373
313.421
302.69
297.901
293.825
304.779
298.497
282.324
286.054
307.078
308.411
309.02
313.312
338.047
335.944
354.399
351.758
354.27
357.519
279.522
282.282
282.341
302.23
304.181
307.462
312.284
309.355
359.74
357.987
321.596
316.519
314.569
322.603
350.488
348.634
376.61
377.726
375.135
352.009
371.114
367.237
356.917
358.861
361.933
362.636
367.976
354.939
353.493
358.703
362.408
363.357
367.377
370.851
374.711
369.882
375.299
372.541
356.432
355.001
365.679
368.829
371.635
370.861
370.532
370.772
354.05
372.239
370.589
368.609
363.222
358.122
359.066
354.621
385.573
382.637
405.702
383.113
403.643
401.747
381.536
394.591
395.403
387.912
399.824
397.886
396.093
388.562
385.816
385.822
389.276
388.799
398.458
391.669
387.982
390.992
398.326
397.701
394.976
408.588
407.852
406.016
404.345
403.964
400.644
413.014
411.617
410.228
377.282
378.808
394.416
393.975
408.552
405.871
368.283
405.788
407.321
407.039
407.615
407.599
409.955
407.399
405.668
405.638
405.67
407.572
399.217
398.751
416.113
409.97
421.78
413.127
415.728
415.892
440.675
433.625
437.197
433.656
429.832
429.979
426.466
421.188
423.565
418.631
420.718
418.349
396.282
415.925
413.282
410.451
407.013
396.128
391.999
403.042
399.681
396.602
392.193
358.832
384.156
388.268
379.363
385.207
391.516
357.439
360.704
390.22
356.142
355.756
392.039
397.311
399.086
400.031
400.651
404.745
406.903
406.722
406.869
380.94
376.744
372.424
396.287
394.598
390.769
388.416
393.64
384.269
385.685
377.874
383.157
378.533
372.686
376.851
369.734
369.81
401.396
188.343
224.167
250.355
239.219
222.429
266.958
251.782
239.556
231.93
253.373
237.036
234.045
242.444
225.96
230.662
179.975
226.342
255.245
288.304
340.25
323.538
307.85
300.994
319.206
293.558
318.141
318.312
319.413
320.826
322.14
295.974
297.132
297.733
297.334
297.348
297.354
295.613
293.985
342.626
383.205
383.598
343.021
384.263
384.644
370.794
365.678
361.708
357.694
354.447
347.465
401.528
394.145
392.078
395.784
394.655
390.157
388.309
401.5
399.782
396.949
398.356
390.321
390.134
378.727
367.071
365.06
362.176
360.542
363.091
232.817
251.82
245.357
284.395
275.343
272.057
296.74
291.172
280.964
275.49
261.738
261.518
270.892
287.623
284.382
193.111
232.161
256.666
271.962
305.201
305.972
310.136
336.137
326.758
326.647
334.9
320.706
332.052
310.979
318.117
329.344
303.957
237.402
253.557
279.044
311.501
289.884
276.985
262.821
306.212
264.85
308.237
300.664
294.324
288.867
282.214
272.436
241.851
263.216
274.166
294.547
336.517
334.144
347.54
341.954
336.768
330.52
322.886
313.796
329.866
320.077
317.766
315.576
279.132
259.221
289.435
279.728
278.426
268.844
267.546
286.848
277.274
269.905
280.55
293.409
303.191
369.797
360.221
338.05
340.225
341.903
345.236
353.05
354.01
356.069
358.463
377.645
367.457
376.22
292.787
305.7
317.043
288.95
298.412
301.526
398.427
395.679
381.357
388.335
397.22
391.655
392.725
393.88
394.449
395.55
396.45
403.865
397.651
316.845
317.381
359.835
354.787
340.632
328.984
352.428
344.472
342.115
335.768
326.185
326.308
311.242
385.022
367.195
383.476
316.334
318.759
317.498
319.123
379.175
360.535
382.681
378.415
374.254
351.791
368.357
340.226
364.656
329.961
339.425
320.078
331.48
324.615
320.2
322.704
329.743
327.485
311.675
318.107
319.288
319.931
345.768
346.662
341.301
336.115
332.438
340.743
344.442
326.102
329.017
330.966
333.198
337.487
351.244
348.687
349.678
350.001
472.362
468.608
476.098
462.628
476.927
462.92
464.64
448.106
440.572
434.005
432.955
430.78
319.152
427.893
422.447
425.497
417.6
419.447
411.95
415.408
410.224
402.846
402.96
409.672
404.5
405.557
445.147
431.905
436.791
441.846
440.362